#32
431.0220469000001
42.714792171
34.2207448422
31.670699436
27.80781075
27.80781075
27.029192049000006
28.549352370000005
32.924447928
30.773977230000003
31.246175252399997
37.821628950000004
30.689122741200002
37.030198378680005
38.41669929427201
36.002355561
32.77072528412401
39.436588302
43.86837314496
35.73584572440001
34.63597761
36.4120409772
24.099830099999995
17.866294200000002
26.13375414
35.917061611200005
26.929954799999997
25.700930111999998
28.321922574000006
22.491764399999997
32.452402920000004
29.962243289999996
42.714792171000006
182.9353918221
31.19469784242
28.872783894599998
25.351445250000005
25.351445250000005
24.641604783000005
26.02748379
30.016111176000006
28.055599410000003
28.48591427784
34.47975885000001
27.977460199919996
33.757458773688
35.021618179660805
32.8208103144
29.874369470013004
35.9508237045
39.987734874672
32.578575434040005
31.5768988626
33.1960217022
21.979107233999994
16.293674421000002
23.8310479485
32.742496081679995
24.550737372
23.430156672
25.819541160300002
20.504837639999998
29.585551451999997
27.315372998999997
34.220744842200006
31.19469784242
711.436849617684
23.142013954919996
20.32022895
20.32022895
19.7512625394
20.862101722000002
24.0591510768
22.487720038
22.832259619568
27.634882310000005
22.423386507984
27.0542289575376
28.067795336232958
26.304341735279998
23.942054028215402
28.8112985993
32.0396382857824
26.111779578808
25.311154461319994
26.60882962668
17.63483447879999
13.0722120522
19.114182605699995
26.240360008015998
19.677564530399998
18.779110604799996
20.69411295126
16.435152327999997
23.713576930399995
21.893970779799997
31.670699435999996
28.872783894599998
23.142013954919996
85.4332386696
18.820727249999997
18.820727249999997
18.293746887
19.32261331
22.283741064
20.82827149
21.146836485839998
25.592581050000003
20.766193983919997
25.052287249288
25.991484237964798
24.359018101399993
22.170182565892002
26.678228353999998
29.657487363711997
24.183006897040002
23.4447713916
24.646512920399996
16.359372043999993
12.125369736
17.722147716
24.29798687008
18.224222351999995
17.391684543999997
19.165097038800003
15.221874639999996
21.962990551999994
20.277711573999994
27.807810750000005
25.351445250000005
20.320228950000004
18.82072725
32.526756250000005
16.526756250000002
16.064007075000006
16.967469750000006
19.567679400000006
18.289610250000003
18.56928705
22.472891250000007
18.234828150000002
21.99818068500001
22.8229495632
21.389550225000004
19.467407136450007
23.425783725000006
26.040734772
21.23524680000001
20.5873512
21.642599160000003
14.368217999999999
10.649400750000003
15.564085875000002
21.335765220000006
16.002819000000002
15.271713600000002
16.828943175000003
13.3665
19.285950000000003
17.806087500000004
27.807810750000005
25.351445250000005
20.320228950000004
18.82072725
16.526756250000002
41.526756250000005
16.064007075000006
16.967469750000006
19.567679400000006
18.289610250000003
18.56928705
22.472891250000007
18.234828150000002
21.99818068500001
22.8229495632
21.389550225000004
19.467407136450007
23.425783725000006
26.040734772
21.23524680000001
20.5873512
21.642599160000003
14.368217999999999
10.649400750000003
15.564085875000002
21.335765220000006
16.002819000000002
15.271713600000002
16.828943175000003
13.3665
19.285950000000003
17.806087500000004
27.02919204900001
24.64160478300001
19.751262539400003
18.293746887
16.064007075000006
16.064007075000006
891.7742148769
16.492380597000007
19.019784376800004
17.777501163000004
18.049347012600002
21.843650295000007
17.724252961800005
21.382231625820005
22.183906975430403
20.790642818700004
18.922319736629408
22.76986178070001
25.311594198384004
20.64065988960001
20.010905366400003
21.036606383520002
13.965907896
10.351217529000005
15.128291470500002
20.738363793840005
15.554740068000003
14.8441056192
16.357732766100003
12.992238
18.7459434
17.30751705
28.549352370000005
26.02748379
20.862101722000002
19.32261331
16.967469750000003
16.967469750000003
16.492380597000007
213.41993561
20.089484184000003
18.777333190000004
19.064468038
23.072168350000005
18.721090234000002
22.584798836600005
23.431561551552004
21.959938231
19.986537993422008
24.050471291000004
26.73515436592
21.801520048000008
21.136347232000002
22.2197351376
14.751370479999995
10.933384770000002
15.979128165
21.904718959200004
16.429560840000004
15.678959296
17.277714993
13.722939999999998
19.800242
18.2809165
32.924447928
30.016111176000003
24.0591510768
22.283741064
19.567679400000006
19.567679400000006
19.019784376800004
20.089484184000003
1362.7281324096002
21.654898536000005
21.986035867200002
26.607903240000006
21.5900365296
26.045845931040002
27.022372282828805
25.3252274664
23.0494100495568
27.736127930400002
30.832229970048
25.142532211200002
24.3754238208
25.62483740544
17.011970111999997
12.608890488000002
18.427877675999998
25.26154602048
18.947337696
18.081708902400003
19.9254687192
15.825936
22.834564800000003
21.0824076
30.773977230000003
28.055599410000003
22.487720038
20.828271490000002
18.289610250000003
18.289610250000003
17.777501163000004
18.777333190000004
21.654898536
216.24050201
20.550011002
24.869999650000004
20.179876486
24.344653291400004
25.257397516608002
23.671102249
21.543930564338005
25.924533989000004
28.81841314768
23.500339792000002
22.783335328
23.9511430704
15.900827919999996
11.78533683
17.224255035
23.6115801768
17.70978636
16.900696383999996
18.624030447000003
14.792259999999999
21.343117999999997
19.705403499999996
31.246175252400004
28.485914277840003
22.832259619568
21.146836485839998
18.56928705
18.56928705
18.049347012600002
19.064468038
21.986035867200002
20.550011002
203.114288725136
25.250498210000003
20.488620889968
24.7172807932752
25.643954574942722
24.03334654596
21.873703770219606
26.321416085000003
29.2602547601728
23.859820191616002
23.13163583744
24.317312510399997
16.142289129599995
11.9643921324
17.4864364974
23.973029777312
17.980679236799997
17.159242047999996
18.908946525720005
15.018487455999997
21.669531900799996
20.006770789599994
37.821628950000004
34.47975885
27.634882310000002
25.59258105
22.472891250000007
22.472891250000007
21.843650295000007
23.072168350000002
26.607903240000006
24.869999650000004
25.25049821
319.55946225
24.79640163
29.914849497000006
31.03620803232
29.086781085000002
26.473385224170006
31.856614385000004
35.416288055200006
28.87612096000001
27.99393272
29.428908936000003
19.528450799999998
14.474542950000002
21.157235775
29.014280372
21.760901399999998
20.766890560000004
22.884491955
18.17578
26.225054
24.212735500000004
30.689122741200002
27.97746019992
22.423386507984
20.766193983919997
18.234828150000002
18.234828150000002
17.724252961800005
18.721090234000002
21.5900365296
20.179876486
20.488620889968
24.796401630000002
124.16016879118399
24.273364332817597
25.18324898132736
23.601452123479998
21.480908790602804
25.848946739000002
28.737364342086398
23.430509310208002
22.71467470272
23.879035857599998
15.845554524799995
11.744775781200001
17.1672062562
23.542631676256
17.657114798400002
16.850561728
18.56881524036
14.748092127999996
21.279390070399998
19.646565584799998
37.030198378680005
33.757458773688
27.0542289575376
25.052287249288003
21.99818068500001
21.99818068500001
21.382231625820005
22.5847988366
26.045845931040002
24.344653291400007
24.7172807932752
29.914849497000006
24.2733643328176
154.72460700366864
30.38214952811751
28.473642493972005
25.915714478555728
31.185799196500007
34.67356483762496
28.266723392211205
27.402168357407998
28.80688513248
19.108102798719994
14.163396394680003
20.704724415180003
28.4032095130784
21.30161372976
20.3287163456
22.401669452604004
17.791982499200003
25.671289034559997
23.701462400719997
38.416699294272
35.0216181796608
28.067795336232958
25.991484237964798
22.8229495632
22.8229495632
22.183906975430403
23.431561551552004
27.022372282828805
25.257397516608002
25.64395457494272
31.036208032320005
25.18324898132736
30.38214952811751
197.93087365031238
29.5408759040064
26.886979353372716
32.3545122889152
35.9722299286272
29.326374371896325
28.4296529617152
29.88702320067072
19.826454866687993
14.695753465152
21.482382763296
29.467669447265276
22.100171675904
21.090769058611198
23.241421937952
18.459014891519995
26.633721486335997
24.590044837631996
36.002355561
32.8208103144
26.304341735279998
24.359018101399997
21.389550225000004
21.389550225000004
20.790642818700007
21.959938231000002
25.3252274664
23.671102249
24.033346545959997
29.086781085000005
23.601452123479998
28.473642493972005
29.5408759040064
556.6852867197
25.198013293946204
30.3220372631
33.71185323064
27.484405935760005
26.6442137676
28.010042570159996
18.582897043999996
13.773916701000001
20.1343529205
27.616565339439997
20.712086052
19.766054713599996
21.7816179645
17.299663359999997
24.960942847999995
23.045622975999997
32.77072528412401
29.874369470013004
23.942054028215402
22.170182565892006
19.467407136450003
19.467407136450003
18.922319736629408
19.986537993422008
23.049410049556805
21.54393056433801
21.873703770219606
26.47338522417001
21.480908790602804
25.915714478555728
26.886979353372716
25.198013293946204
103.9343842273792
27.598223390813207
30.685026597440388
25.01483733013161
24.249657403436405
25.492773576125522
16.909134261196
12.533503090104004
18.322268576508
25.135730003531844
18.851009893968005
17.9900493099392
19.824527461203605
15.74512205
22.717961815000002
20.97475187375
39.436588302000004
35.950823704499996
28.8112985993
26.678228353999998
23.425783725000002
23.425783725000002
22.769861780700005
24.050471291000004
27.736127930400002
25.924533989000004
26.321416085
31.856614385000004
25.848946739
31.185799196500003
32.354512288915195
30.322037263099997
27.598223390813207
3877.2105652946
36.926103336512
30.10138153700001
29.1802842422
30.67618495956
20.344742557999993
15.080205492000003
22.045954554
30.247266661919998
22.684178663999997
21.6481942976
23.855710849800005
18.946680199999996
27.33735286
25.239684694999998
43.86837314496
39.987734874672
32.039638285782395
29.657487363711994
26.040734772
26.040734772
25.311594198384004
26.73515436592
30.832229970048004
28.81841314768
29.260254760172796
35.416288055200006
28.737364342086398
34.67356483762495
35.9722299286272
33.711853230639996
30.685026597440384
36.926103336512
210.0693566428621
33.46376983031681
32.435900881696
34.098991933843195
22.584858187839995
16.742298605760002
24.4848182904
33.6308516544
25.217857566719996
24.066688003071995
26.520951654912
21.062203052799994
30.389750119039995
28.057863352479995
35.735845724400015
32.57857543404001
26.111779578808004
24.183006897040002
21.235246800000006
21.235246800000006
20.640659889600006
21.801520048000008
25.142532211200006
23.500339792000005
23.859820191616002
28.876120960000012
23.430509310208002
28.266723392211205
29.326374371896325
27.48440593576001
25.01483733013161
30.101381537000005
33.46376983031681
91.285615924496
26.45239167064
27.8083198596
18.4559321176
13.679431304400003
19.9941660594
27.415694947872
20.562323140800004
19.6230112
21.623958871320003
17.174735536000004
24.7806898448
22.8792012676
34.635977610000005
31.5768988626
25.311154461319997
23.4447713916
20.5873512
20.5873512
20.010905366400003
21.136347232000002
24.375423820800002
22.783335328000003
23.131635837439998
27.99393272
22.71467470272
27.402168357407998
28.4296529617152
26.6442137676
24.249657403436405
29.180284242200003
32.435900881696
26.45239167064
1154.605865258
26.960356615919995
17.902811939999992
13.26893139
19.391257899
26.576916285919996
19.934470919999995
19.023669683199998
20.9634616074
16.650546639999998
24.024360151999996
22.180906773999993
36.4120409772
33.1960217022
26.608829626679995
24.646512920399996
21.64259916
21.64259916
21.036606383520002
22.2197351376
25.624837405439997
23.9511430704
24.317312510399997
29.428908936000003
23.879035857599998
28.806885132479998
29.88702320067072
28.010042570159996
25.49277357612552
30.67618495956
34.098991933843195
27.808319859599997
26.960356615919995
172.342230060816
18.819702568799993
13.9485384612
20.384658239399997
27.939347332511993
20.9562910704
19.998816015359992
22.03804408428
17.504019119999995
25.25579901599999
23.317854041999993
24.099830099999995
21.979107233999994
17.63483447879999
16.359372043999993
14.368217999999999
14.368217999999999
13.965907896
14.751370479999999
17.011970111999997
15.900827919999998
16.142289129599995
19.528450799999998
15.845554524799997
19.108102798719994
19.826454866687996
18.582897043999996
16.909134261195998
20.344742557999997
22.584858187839995
18.4559321176
17.902811939999992
18.819702568799993
301.57101539999996
9.313134299999998
13.587962309999995
18.530701604799997
13.908829199999996
13.272034047999995
14.625031745999998
11.619277599999995
16.764957679999995
15.478537659999994
17.866294200000002
16.293674421000002
13.0722120522
12.125369736
10.649400750000003
10.649400750000003
10.351217529000003
10.933384770000002
12.608890488000002
11.785336830000002
11.9643921324
14.474542950000004
11.744775781200001
14.163396394680001
14.695753465152002
13.773916701
12.533503090104004
15.080205492000001
16.74229860576
13.679431304400003
13.268931389999999
13.948538461199998
9.313134299999998
1606.8997825
10.06808049
13.735519459199999
10.3091184
9.837202752
10.840059144000001
8.612024400000001
12.42592092
11.472446790000001
26.133754140000004
23.831047948500004
19.114182605699998
17.722147716000002
15.564085875000004
15.564085875000004
15.128291470500004
15.979128165000004
18.427877676
17.224255035000002
17.4864364974
21.157235775000004
17.1672062562
20.704724415180007
21.482382763296002
20.1343529205
18.322268576508005
22.045954554
24.4848182904
19.994166059400005
19.391257899
20.384658239399997
13.587962309999996
10.068080490000002
543.697947745
20.0798213616
15.06789648
14.378536224
15.844455900000002
12.5868834
18.16107462
16.767526814999997
35.917061611200005
32.74249608168
26.240360008015998
24.29798687008
21.335765220000003
21.335765220000003
20.738363793840005
21.904718959200004
25.261546020480004
23.611580176800004
23.973029777312
29.014280372000005
23.542631676256
28.4032095130784
29.46766944726528
27.616565339439997
25.135730003531844
30.24726666192
33.6308516544
27.415694947872005
26.576916285919996
27.939347332511996
18.530701604799997
13.7355194592
20.0798213616
427.548391004288
20.6602718784
19.716700523519997
21.7272536712
17.256261791999997
24.898320585599997
22.9878058872
26.9299548
24.550737372
19.6775645304
18.224222351999998
16.002819
16.002819
15.554740068000003
16.429560840000004
18.947337696
17.709786360000003
17.980679236799997
21.7609014
17.657114798400002
21.301613729760003
22.100171675904004
20.712086052
18.851009893968005
22.684178663999997
25.21785756672
20.562323140800004
19.934470919999995
20.9562910704
13.908829199999998
10.309118400000001
15.067896480000002
20.660271878400003
304.4956816
14.787811584
16.295714568
12.942820799999998
18.67464144
17.241686279999996
25.700930112
23.430156672
18.7791106048
17.391684543999997
15.2717136
15.2717136
14.844105619200004
15.678959296000002
18.081708902400003
16.900696384
17.159242047999996
20.76689056
16.850561728
20.328716345599997
21.090769058611198
19.7660547136
17.990049309939202
21.648194297600003
24.066688003072
19.6230112
19.023669683199998
19.99881601536
13.272034047999995
9.837202752
14.378536224000001
19.716700523519997
14.787811584
1143.0723014656
15.551328748800001
12.351539199999998
17.82150656
16.454014719999996
28.321922574
25.8195411603
20.69411295126
19.1650970388
16.828943175
16.828943175
16.357732766100003
17.277714993
19.9254687192
18.624030447000003
18.90894652572
22.884491955000005
18.568815240359996
22.401669452604
23.241421937952
21.7816179645
19.824527461203605
23.8557108498
26.520951654912
21.623958871320006
20.963461607399996
22.03804408428
14.625031745999996
10.840059144000001
15.8444559
21.727253671199996
16.295714568
15.551328748799998
341.1370945818
13.611009719999998
19.638742596
18.131809376999996
22.491764399999997
20.504837639999998
16.435152327999997
15.221874639999998
13.3665
13.3665
12.992238
13.72294
15.825936
14.792259999999999
15.018487455999997
18.17578
14.748092127999998
17.7919824992
18.45901489152
17.299663359999997
15.745122049999999
18.9466802
21.062203052799997
17.174735536000004
16.650546639999998
17.504019119999995
11.619277599999997
8.612024400000001
12.5868834
17.256261791999997
12.942820799999998
12.351539199999998
13.61100972
206.810576
15.598116799999998
14.401231599999997
32.45240292
29.585551451999994
23.713576930399995
21.962990551999994
19.28595
19.28595
18.745943399999998
19.800241999999997
22.8345648
21.343117999999997
21.669531900799996
26.225053999999997
21.279390070399995
25.671289034559997
26.633721486335997
24.96094284799999
22.717961815
27.33735286
30.38975011903999
24.7806898448
24.024360151999993
25.255799015999994
16.764957679999995
12.42592092
18.161074619999997
24.898320585599993
18.674641439999995
17.821506559999992
19.638742595999997
15.598116799999994
1622.50585424
20.778919879999993
29.962243289999996
27.315372998999997
21.8939707798
20.277711573999994
17.8060875
17.8060875
17.307517050000005
18.2809165
21.0824076
19.7054035
20.006770789599994
24.212735500000004
19.646565584799998
23.701462400719997
24.590044837632
23.045622975999994
20.97475187375
25.239684694999998
28.057863352479995
22.8792012676
22.180906773999997
23.317854041999997
15.478537659999994
11.47244679
16.767526814999997
22.987805887199997
17.241686279999996
16.454014719999996
18.131809377
14.401231599999997
20.778919879999997
2559.3444978099997
